# N/I:Z/I:A/I:Name/C:dm/F:sig_dm/F:ebind/F:sig_ebind/F:ma/F:sig_ma/F 
88  78  166 Pt    -4730.       300.        7732.       2.     165.994923       322.0 
89  78  167 Pt    -6612.       302.        7746.       2.     166.992901       325.0
90  78  168 Pt   -11007.460    149.951     7773.605    0.893  167.988183004    160.978 
91  78  169 Pt   -12512.       196.        7784.       1.     168.986567       210. 
92  78  170 Pt   -16299.193     18.247     7808.236    0.107  169.982502095     19.588 
93  78  171 Pt   -17469.702     72.747     7816.619    0.425  170.981245502     78.097
94  78  172 Pt   -21106.920     10.377     7839.247    0.060  171.977340788     11.139
95  78  173 Pt   -21942.911     55.977     7845.420    0.324  172.976443315     60.093
96  78  174 Pt   -25318.163     10.351     7866.117    0.059  173.972819832     11.112
97  78  175 Pt   -25713.466     18.185     7869.548    0.104  174.972395457     19.522
98  78  176 Pt   -28933.867     12.724     7888.992    0.072  175.968938214     13.660
99  78  177 Pt   -29370.444     14.988     7892.489    0.085  176.968469529     16.090
100 78  178 Pt   -31997.519     10.133     7908.252    0.057  177.965649248     10.878
101 78  179 Pt   -32268.145      7.977     7910.675    0.045  178.965358719      8.563
102 78  180 Pt   -34435.877     10.974     7923.611    0.061  179.963031563     11.781
103 78  181 Pt   -34381.511     13.689     7924.126    0.076  180.963089927     14.695
104 78  182 Pt   -36168.449     13.095     7934.754    0.072  181.961171571     14.057
105 78  183 Pt   -35772.487     15.533     7933.336    0.085  182.961596653     16.675
106 78  184 Pt   -37334.243     15.584     7942.574    0.085  183.959920039     16.730
107 78  185 Pt   -36688.140     25.832     7939.777    0.140  184.960613659     27.731
108 78  186 Pt   -37864.443     21.745     7946.809    0.117  185.959350846     23.344
109 78  187 Pt   -36685.050     24.048     7941.168    0.129  186.960616976     25.816
110 78  188 Pt   -37820.929      5.304     7947.902    0.028  187.959397560      5.694
111 78  189 Pt   -36469.348     10.090     7941.403    0.053  188.960848542     10.832
112 78  190 Pt   -37306.450      0.657     7946.493    0.003  189.959949876      0.704
113 78  191 Pt   -35698.237      4.127     7938.727    0.022  190.961676363      4.430
114 78  192 Pt   -36288.457      2.570     7942.491    0.013  191.961042736      2.758
115 78  193 Pt   -34479.608      1.359     7933.786    0.007  192.962984616      1.458
116 78  194 Pt   -34760.070      0.496     7935.941    0.003  193.962683527      0.532
117 78  195 Pt   -32793.849      0.503     7926.552    0.003  194.964794353      0.539
118 78  196 Pt   -32644.510      0.510     7926.529    0.003  195.964954675      0.547
119 78  197 Pt   -30419.750      0.536     7915.971    0.003  196.967343053      0.575
120 78  198 Pt   -29903.999      2.100     7914.150    0.011  197.967896734      2.254
121 78  199 Pt   -27388.682      2.159     7902.300    0.011  198.970597038      2.317
122 78  200 Pt   -26599.160     20.110     7899.198    0.101  199.971444625     21.588
123 78  201 Pt   -23740.714     50.103     7885.833    0.249  200.974513293     53.788
124 78  202 Pt   -22692.125     25.150     7881.560    0.125  201.975639000     27.000
125 78  203 Pt   -19627.       196.        7867.       1.     202.978930       210.
126 78  204 Pt   -17922.       196.        7860.       1.     203.980760       210.
127 78  205 Pt   -12966.       298.        7837.       1.     204.986080       320.
128 78  206 Pt    -9632.       298.        7822.       1.     205.989660       320.
129 78  207 Pt    -4540.       401.        7798.       2.     206.995126       430.
130 78  208 Pt     -990.       400.        7783.       2.     207.998937       429.
